36
4
17
20
163
89
66
6
132
169
79
84
115
113
109
51
97
191
73
95
27
175
92
16
181
176
39
83
179
47
130
193
105
154
25
70
172
5
200
28
35
123
147
118
124
10
29
98
138
49
141
135
53
114
159
101
28
192
106
12
146
197
150
104
7
151
75
112
136
333
176
145
72
120
40
162
116
78
90
32
65
62
23
71
152
1
102
153
67
45
87
31
24
133
61
120
9
13
173
199
42
48
15
103
133
44
41
154
69
108
57
180
63
60
88
182
110
125
85
37
168
6
50
131
3
77
107
93
185
21
161
119
166
121
82
117
184
54
36
189
171
160
64
55
155
74
43
111
26
19
165
91
100
186
196
164
122
198
35
38
86
